230 32 102 107 112 98 115 114 116 117 102 117 98 99 99 108 119 105 102 97 111 119 109 109 112 111 113 105 114 107 104 103 108 10 116 114 100 116 98 15 
16 104 122 118 118 97 121 115 110 111 104 106 101 115 115 115 30 107 121 112 23 98 119 12 106 100 121 122 117 110 20 114 98 98 117 111 117 120 99 115 
121 31 110 104 113 109 108 13 97 112 45 99 116 22 103 99 119 109 113 119 101 105 102 122 106 105 105 100 113 119 100 7 117 100 120 99 122 106 117 105 
105 102 119 108 100 100 102 113 100 106 122 112 117 113 18 102 120 107 36 109 97 99 102 109 98 116 102 120 120 113 119 110 120 25 119 98 33 110 120 108 
116 102 106 98 101 108 111 102 103 99 100 69 162 108 112 110 109 122 118 114 113 100 31 121 103 110 104 30 113 110 45 27 105 118 103 105 118 99 111 98 
109 97 6 121 112 110 11 110 101 45 104 21 101 107 116 109 102 121 115 45 107 118 97 104 117 106 97 110 114 97 110 99 103 117 108 122 117 107 111 107 
99 106 114 112 120 113 103 121 115 114 117 45 107 115 30 103 120 107 118 121 23 116 97 101 108 100 122 97 110 98 35 113 109 97 107 20 121 100 115 113 
37 98 97 115 99 117 105 98 110 120 105 106 100 116 101 122 119 118 105 114 105 118 101 45 116 108 106 108 103 8 98 103 45 104 119 103 107 29 103 109 
100 108 114 111 121 106 113 103 45 98 45 99 96 225 38 99 109 100 120 121 109 122 116 117 108 112 100 109 112 105 98 109 109 109 105 105 101 122 22 104 
25 106 112 98 119 101 100 121 121 107 99 115 99 108 98 113 118 106 116 114 116 108 112 111 119 30 115 115 108 116 19 118 99 98 122 116 99 111 99 110 
35 113 45 105 97 121 117 103 98 99 105 121 105 45 111 113 107 103 120 115 109 115 110 103 99 10 121 102 106 25 109 109 119 45 106 29 117 118 106 97 
118 112 115 11 107 104 103 120 122 114 45 27 103 100 122 111 112 119 122 110 106 118 111 110 108 114 114 33 45 45 98 106 111 99 101 119 45 119 112 111 
122 105 106 121 114 117 110 100 119 97 112 108 36 119 121 106 100 39 103 102 117 121 105 107 45 118 122 115 97 107 121 114 108 45 102 105 17 101 115 32 
107 102 115 102 113 103 110 120 108 100 100 117 112 107 113 115 117 20 100 97 35 100 113 101 113 122 102 98 97 122 45 117 23 112 105 38 116 119 32 
